55c3af2a0fc9f982beac7e0b	FreeCodeCamp/Bacau	2016-09-17T11:04:22.515Z	540a150e163965c9bc202eaf	abhisekp	57dd233618291e10487bfdbc	"-----

-----

-----
## This room will be closed and archived.
** @/all Please move discussion of this topic to our forum, or to one of the official Free Code Camp chat rooms: http://forum.freecodecamp.com/t/free-code-camp-official-chat-rooms/19390**

-----

-----

-----"
